day,personnel,POW,date day,month
0.0007142568803903352,0.9999596325464694,0.0,0.008928211004879191,0.0007142568803903352
0.0006976614201124792,0.9999813688278869,0.0,0.006046398974308153,0.0004651076134083195
0.0008888724503874276,0.9999815066858561,0.0,0.0059998890401151365,0.0004444362251937138
0.0009433825745018939,0.9999855289720075,0.0,0.005282942417210606,0.00037735302980075754
0.0010501433694524048,0.9993864399288719,0.03500477898174682,0.00017502389490873412,0.0005250716847262024
0.0011979267736461207,0.999413194013335,0.03422647924703202,0.00034226479247032016,0.0005133971887054802
0.0008886690418078809,0.9997526720338659,0.02221672604519702,0.0003332508906779553,0.0003332508906779553
0.0009816553164823606,0.9997614034308131,0.021814562588496903,0.00043629125176993807,0.00032721843882745354
0.0009997661320669052,0.9997661320669051,0.02159494845264515,0.0004998830660334526,0.00029992983962007154
0.000999776975458558,0.999776975458558,0.021086205300580495,0.000545332895704668,0.000272666447852334
0.001090605913059057,0.9997220869708023,0.023538910956857985,0.0006361867826177834,0.0002726514782647643
0.001083029157670405,0.9997192224649892,0.023660021598338077,0.0006664794816433261,0.0002499298056162473
0.0011661408637753065,0.9995493118074055,0.029986479354222165,0.0007496619838555541,0.00024988732795185135
0.00124940158017562,0.999521264140496,0.030901865749677,0.0008329343867837467,0.00024988031603512403
0.0013326315405774209,0.9994736554330657,0.032399604330288545,0.0009161841841469769,0.0002498684138582664
0.001415920736835363,0.9994734612955505,0.03239959803699743,0.0009994734612955504,0.0002498683653238876
0.0014992098799367934,0.9994732532911955,0.03239959129418959,0.001082762691065462,0.0002498683133227989
0.001582498966415042,0.9994730314200266,0.032399584101865865,0.001166051869990031,0.00024986825785500665
0.0014808642583180502,0.9995833743646839,0.028802809824286076,0.0011106481937385377,0.00022212963874770753
0.001521132096682138,0.9996010921054049,0.028177161219492933,0.0011589577879482955,0.00021730458524030541
0.0015707683183201462,0.9995798389310022,0.028916416769075422,0.0012137755187019313,0.00021419567977092906
0.0016190564699193992,0.9995913857763248,0.02850947262249377,0.0012670876721108343,0.00021118127868513905
0.001666004080545211,0.9996024483271265,0.028113818859200435,0.001318919897098292,0.00020825051006815136
0.0017000311169607307,0.9996182967729097,0.02754050409476384,0.0013600248935685846,0.00020400373403528768
0.0017326975461297222,0.9996331996902243,0.02699009639163606,0.001399486479566314,0.00019992663993804487
0.0017640649135411363,0.9996367843399772,0.026852988128348406,0.0014373862258483332,0.0001960072126156818
0.001794241289117379,0.9996487182225398,0.026400978968441433,0.001473841058917847,0.00019224013811971918
0.0018348141096908503,0.9996573425212218,0.026067014248021735,0.0015184668493993243,0.00018980835617491554
0.0018627387186534378,0.9996697790106783,0.02558161173617388,0.0015522822655445316,0.0001862738718653438
0.0018896419278851384,0.9996815360424604,0.02511395078350571,0.0015848609717746321,0.0001828685736663037
0.0019270850304840823,0.9996753595636177,0.025353212432306208,0.0016259779944709444,0.0001806642216078827
0.0019405751768114788,0.9996902425998527,0.02475703483144341,0.0016465486348703456,0.0001764159251646799
0.001976120047364876,0.9996842592551725,0.02499210648137931,0.0016855141580465118,0.00017436353359101845
0.002022489533182736,0.9996876835446095,0.024847728550530756,0.0017335624570137735,0.00017335624570137735
0.0020564280259893855,0.999652512633729,0.026219457331364663,0.0017708130223797484,0.0001713690021657821
0.002089688341520933,0.9996617201329869,0.025923431047516442,5.6478063284349546e-05,0.00022591225313739818
0.002146162992191735,0.9996601305735187,0.025979867800215738,0.00011295594695745973,0.00022591189391491946
0.0021659543385787183,0.9996712331901777,0.02554715373708232,0.00016661187219836295,0.0002221491629311506
0.0021850968102672336,0.9996817906972595,0.025128613318073187,0.00021850968102672338,0.00021850968102672338
0.0022155048733765084,0.9996790282308635,0.025235140874800718,0.00027018352114347664,0.0002161468169147813
0.002257347203319837,0.9996823328987848,0.025099551046437234,0.00032247817190283383,0.00021498544793522255
0.0022744319800156163,0.999692195867329,0.024701389178309135,0.0003702563688397515,0.00021157506790842943
0.0023150838173459742,0.9996952847630343,0.024571457788649317,0.00042092433042654077,0.00021046216521327038
0.0023553101793224143,0.9996983205568469,0.024442885638745943,0.00047106203586448284,0.00020936090482865903
0.0023827151271495835,0.9997043903040643,0.024189738356062074,0.0005179815493803442,0.0002071926197521377
0.0024095580881249336,0.9997102706050257,0.023941779301156256,0.0005639391270079632,0.00020506877345744117
0.0024482468302519512,0.9997007890195467,0.024329452875628765,0.0006120617075629878,0.0002040205691876626
0.0024740214953330327,0.9997066450529397,0.024083841903548096,0.0006563730497822332,0.00020196093839453327
0.002511832727906575,0.9997094257068169,0.023962884224228726,0.0007033131638138411,0.00020094661823252601
0.0025492660094662877,0.9997121605750149,0.023843135029714104,0.0007497841204312612,0.00019994243211500298
0.0025863269766959645,0.9997148506074786,0.02372457630546106,0.0007957929159064506,0.00019894822897661266
0.0026101071140712073,0.9997202719933115,0.023490964026640866,0.0008372041686643496,0.00019698921615631754
0.002620646710642292,0.9997281896153929,0.02314904594400691,0.0008735489035474307,0.0001941219785660957
0.0026434899485803876,0.999719835099492,0.023503028815560174,0.0009132056186004976,0.00019225381444221002
0.002678681859957503,0.9997223370198537,0.02339063266998605,0.0009566720928419652,0.00019133441856839306
0.0027135387417324634,0.9997247995856443,0.02327930604749429,0.0009997247995856442,0.00019042377134964654
0.002735109802361142,0.9997297898285553,0.023059805057837904,0.001037455442274916,0.00018862826223180288
0.002730770005948504,0.9997395276014862,0.022632992083200312,0.001064537459946027,0.00018513694955583077
0.0027515892898592087,0.9997441086488458,0.02242545271235255,0.0011006357159436834,0.0001834392859906139
0.0027846813697138682,0.9997462622415363,0.02232310147196855,0.00114126285644011,0.00018260205703041758
0.002804730342366092,0.9997506542950102,0.02212117963575837,0.0011761772403470708,0.00018095034466878012
0.002811797558642263,0.9997502430728047,0.02213732681089782,0.0012050560965609699,0.0001785268291201437
0.0028063403551823003,0.9997587515336944,0.021749137752662826,0.0012277739053922563,0.00017539627219889377
0.0028254164723471244,0.9997627517535977,0.02156010108129498,0.0012605704261241016,0.00017387178291366917
0.0028441637366062927,0.9997666468070604,0.021374321414495773,0.0012928016984574057,0.00017237355979432076
0.0028504173499894277,0.9997732496231574,0.021101597098429195,4.254354253715564e-05,0.00021271771268577817
0.002856510875358153,0.9997788063753535,0.02083572638496535,8.401502574582802e-05,0.00021003756436457007
0.002850629317792017,0.9997859346458957,0.020491480313403483,0.00012394040512139204,0.00020656734186898674
0.0028565457765551854,0.9997910217943149,0.020240667216733885,0.0001632311872317249,0.0002040389840396561
0.0028739025530602484,0.9997942684589879,0.020076840370674413,0.00020238750373663723,0.00020238750373663723
0.002890980534925187,0.9997974349949604,0.019915643685040178,0.00024091504457709892,0.00020076253714758244
0.0029077863844843834,0.9998005239802469,0.019757014338414442,0.0002788288313889135,0.00019916345099208106
0.00290139956446403,0.9998066066734158,0.0194472187023535,0.00031366481777989514,0.00019604051111243447
0.002923417354505843,0.9998087352409982,0.01933353343779864,0.0003508100825407011,0.00019489449030038952
0.0029225281251191743,0.9998122533302438,0.019150250083017746,0.00038454317435778607,0.00019227158717889304
0.002921666612970407,0.999817081191821,0.01889597367869172,0.0004173809447100581,0.00018971861123184459
0.002926305511947206,0.9998210499152955,0.01868333519166293,0.0004502008479918779,0.00018758368666328245
0.0029362867841728,0.999824234104409,0.018509757196431068,0.00048318643283856195,0.00018584093570713924
0.0029406704802337844,0.9998279632794866,0.018305673739455307,0.0005146173340409122,0.00018379190501461153
0.002955702825457446,0.9998303384880743,0.018172098852812447,0.0005473523750847123,0.0001824507916949041
0.002959797004931349,0.99983386629998,0.017975352542144045,0.0005775213668158729,0.0001804754271299603
0.0029744228418687384,0.9998361119052747,0.01784653705121243,0.0006092191362863681,0.0001791820989077553
0.0029677247042807615,0.9998405848945899,0.017594367889664515,0.0006359410080601632,0.000176650280016712
0.0029819869617498302,0.9998426871749432,0.017470935375899006,0.0006665617914499621,0.00017541099774999003
0.002996050452777504,0.9998447441245856,0.0173492223893395,0.0006967559192505823,0.00017418897981264558
0.0030151341982320064,0.9998462255056711,0.017259044031259073,0.0007277910133663464,0.00017328357461103485
0.0030288000732855017,0.9998482060107252,0.01714025496018386,0.0007572000183213754,0.00017209091325485804
0.00304748688917948,0.9998496310566384,0.017052230009116643,0.0007875527915857083,0.00017120712860558876
0.0030659827236529666,0.9998510326579396,0.01696510440421308,0.0008175953929741244,0.00017033237353627592
0.003089525425999891,0.9998519098428218,0.016907512770856545,0.0008487707214285415,0.0001697541442857083
0.0031076520651831846,0.9998532731458941,0.01682185574414376,0.0008782494966822044,0.00016889413397734698
