day,aircraft,helicopter,tank,APC,field artillery,MRL,military auto,fuel tank,drone,naval ship,anti-aircraft warfare,special equipment,mobile SRBM system,vehicles and fuel tanks,cruise missiles,weekday,date day,month
0.000942357109065657,0.004711785545328286,0.0032982498817298,0.037694284362626285,0.24312813413893952,0.0230877491721086,0.001884714218131314,0.047117855453282856,0.028270713271969714,0.0,0.000942357109065657,0.0,0.013873590772355506,0.001884714218131314,0.966151626069565,0.04570431978968437,0.001884714218131314,0.011779463863320714,0.000942357109065657
0.0013751000024574188,0.012375900022116769,0.011917533354630963,0.06692153345292771,0.3236068672449792,0.02245996670680451,0.0018334666699432252,0.059587666773154815,0.02750200004914838,0.0009167333349716126,0.0009167333349716126,0.0,0.013496351875970963,0.0018334666699432252,0.9398808516796457,0.044461566746123206,0.0022918333374290314,0.011917533354630963,0.0009167333349716126
0.0018332059374864139,0.012374140078033294,0.01191583859366169,0.06874522265574053,0.32356084796635204,0.022915074218580175,0.0018332059374864139,0.05957919296830845,0.02749808906229621,0.0009166029687432069,0.0009166029687432069,0.0,0.013494432595386102,0.0018332059374864139,0.939747193703973,0.04445524398404554,0.0027498089062296207,0.012374140078033294,0.0009166029687432069
0.002236083803369897,0.012969286059545402,0.012969286059545402,0.0670825141010969,0.36492887670996715,0.03309404028987447,0.009391551974153567,0.130140077356128,0.02683300564043876,0.0013416502820219381,0.0008944335213479588,0.002236083803369897,0.013168049064289391,0.0017888670426959175,0.9170179677619947,0.043380025785375996,0.0,0.012522069298871423,0.0008944335213479588
0.002663463695923321,0.012873407863629387,0.012873407863629387,0.0878943019654696,0.3755483811251883,0.034181117431015956,0.010653854783693285,0.13539273787610218,0.026634636959233213,0.0013317318479616606,0.0008878212319744404,0.0031073743119105417,0.013070701470734816,0.0017756424639488809,0.910238718081795,0.043059329750760364,0.0004439106159872202,0.0004439106159872202,0.0013317318479616606
0.003086703536152074,0.013228729440651744,0.01366968708867347,0.09304206373258393,0.3801054925947268,0.03748140008184661,0.017638305920868992,0.1565399650477123,0.026457458881303488,0.0013228729440651745,0.0008819152960434497,0.003968618832195524,0.012983752969528565,0.0017638305920868993,0.9041836572685468,0.04277289185810731,0.0008819152960434497,0.0008819152960434497,0.0013228729440651745
0.0034990399183463723,0.013121399693798896,0.013558779683592192,0.09491145778514534,0.3936419908139669,0.039364199081396684,0.018369959571318453,0.1635801161826929,0.02624279938759779,0.0013121399693798897,0.0008747599795865931,0.004811179887726262,0.012878410810580396,0.0017495199591731861,0.8968476690711545,0.04242585900994976,0.0013121399693798897,0.0013121399693798897,0.0013121399693798897
0.0038936521271346067,0.014276724466160224,0.016007236522664493,0.10858963154564291,0.4062377052643773,0.04542594148323707,0.02163140070630337,0.17478171770693124,0.025957680847564044,0.001297884042378202,0.0008652560282521348,0.007787304254269213,0.012738491527045316,0.0017305120565042696,0.8871037429655012,0.04196491737022854,0.0017305120565042696,0.0017305120565042696,0.001297884042378202
0.004316006473420144,0.016832425246338562,0.017264025893680576,0.11610057413500187,0.4078626117382036,0.04531806797091151,0.02158003236710072,0.1765246647628839,0.02589603884052086,0.001294801942026043,0.0008632012946840288,0.008200412299498272,0.0127082412828482,0.0017264025893680575,0.8849971273748005,0.041865262792175395,0.002158003236710072,0.002158003236710072,0.001294801942026043
0.004695119541863018,0.018780478167452073,0.020487794364493172,0.1216462790391782,0.4204266135213703,0.04652436636936991,0.021341452463013718,0.19079258501934265,0.025609742955616462,0.0017073161970410976,0.0008536580985205488,0.008963410034465762,0.012567744228219189,0.0017073161970410976,0.8752129655081926,0.04140241777824662,0.0025609742955616465,0.0025609742955616465,0.0012804871477808232
0.005102745029522572,0.01956052261316986,0.028915555167294577,0.12331633821346216,0.42480352370775415,0.04975176403784508,0.021261437623010717,0.1930538536169373,0.02551372514761286,0.0029766012672215003,0.001275686257380643,0.00978026130658493,0.0125206243779952,0.0017009150098408574,0.8719315569196695,0.04124718898864079,0.0,0.0029766012672215003,0.001275686257380643
0.005476175857765161,0.020219726244055977,0.0336995437400933,0.12763702191560336,0.4364090914342082,0.05054931561013994,0.02358968061806531,0.19966979666005277,0.02527465780506997,0.0029487100772581636,0.0012637328902534986,0.011373596012281488,0.012403304293228782,0.0016849771870046648,0.8637614304882663,0.04086069678486312,0.0004212442967511662,0.0033699543740093297,0.0012637328902534986
0.005851758181947364,0.020481153636815772,0.033856600909838316,0.13250052454837957,0.44724151819169133,0.05015792727383454,0.023407032727789455,0.20146767454990208,0.02507896363691727,0.002925879090973682,0.0012539481818458636,0.011703516363894727,0.012307269192190882,0.001671930909127818,0.8570735822916478,0.04054432454634959,0.000835965454563909,0.0037618445455375907,0.0012539481818458636
0.006198115743247503,0.02024717809460851,0.033469825013536514,0.13842458493252757,0.4565945264192327,0.05082454909462952,0.02313963210812401,0.2173472587298791,0.024792462972990013,0.0028924540135155013,0.0012396231486495005,0.011983023770278505,0.012166671644152504,0.0016528308648660007,0.8472824221019336,0.04008114847300052,0.0012396231486495005,0.0041320771621650015,0.0012396231486495005
0.006509128684217506,0.023188770937524864,0.03376610504937831,0.14360765159554872,0.47394593231958715,0.05085256784544927,0.02359559148028846,0.22700586286208552,0.024409232565815647,0.002847743799345159,0.0012204616282907824,0.012611436825671419,0.011978604870261382,0.0016272821710543765,0.8341855229367497,0.03946159264806863,0.0016272821710543765,0.0044750259703995356,0.0012204616282907824
0.006839691136173361,0.023335416817532643,0.033393786135434644,0.145645187723221,0.48481340112287646,0.05431519431667081,0.024944755908396964,0.23536584203890684,0.024140086362964806,0.0028163434090125606,0.0012070043181482402,0.013277047499630643,0.011846523863306802,0.0016093390908643204,0.8249874514543222,0.03902647295345977,0.0020116738635804,0.004828017272592961,0.0012070043181482402
0.0071945559389947475,0.029577618860311742,0.03437398948630824,0.1494868845102242,0.4900291989559756,0.05595765730329248,0.024781248234315243,0.23981853129982492,0.02398185312998249,0.002797882865164624,0.0011990926564991247,0.013589716773656746,0.011768872369343259,0.0015987902086654995,0.8195798307171517,0.038770662560138364,0.0023981853129982494,0.005196068178162873,0.0011990926564991247
0.007538214766892342,0.03054960721319528,0.035707333106332145,0.15433502864848006,0.495538433886765,0.05951222184388691,0.025391881320058415,0.24479360585118817,0.023804888737554764,0.003173985165007302,0.0011902444368777382,0.013489436951281034,0.011682028732318541,0.001586992582503651,0.8135320726059341,0.03848457012571354,0.0,0.005554474038762779,0.0011902444368777382
0.007862020180005253,0.03184118172902127,0.03734459585502495,0.15881280763610608,0.5027761905113358,0.058965151350039394,0.025158464576016806,0.2515846457601681,0.023586060540015757,0.0035379090810023633,0.001179303027000788,0.014151636324009453,0.011574640820563288,0.0015724040360010504,0.8060536189550385,0.03813079787302547,0.0003931010090002626,0.005896515135003939,0.001179303027000788
0.007922345515532298,0.03168938206212919,0.040743491222737536,0.16221945579423278,0.5187250039931862,0.07167836418814937,0.02640781838510766,0.3089714751057596,0.022635272901520852,0.00414980003194549,0.0011317636450760428,0.016221945579423278,0.003772545483586809,0.0015090181934347235,0.7735604514094752,0.036593691190792046,0.0007545090967173618,0.006036072773738894,0.0011317636450760428
0.008149295586028718,0.03185633729083953,0.04000563287686825,0.16446760182712503,0.531556325725055,0.07445492785417146,0.026670421917912166,0.320045063014946,0.02222535159826014,0.004074647793014359,0.001111267579913007,0.015928168645419766,0.0037042252663766896,0.001481690106550676,0.7595513908705402,0.03593098508385389,0.001111267579913007,0.006297182952840373,0.001111267579913007
0.008477438371841997,0.034278337764404594,0.04128143902810016,0.16586292466647384,0.5337100331490091,0.07555977679250475,0.026538067946635813,0.32398557951517887,0.02211505662219651,0.004423011324439302,0.0011057528311098255,0.015849123912574165,0.004054427047402694,0.0014743371081464341,0.7557820600635657,0.03575267487255103,0.0014743371081464341,0.006634516986658953,0.0011057528311098255
0.008759382960841494,0.03467255755333092,0.041972043354032165,0.17007801915633902,0.5365122063515416,0.07773952377746828,0.026278148882524485,0.33358650109204696,0.02189845740210374,0.006204562930596059,0.0010949228701051868,0.016058868761542743,0.004014717190385686,0.0014598971601402493,0.7483797817168952,0.03540250613340104,0.0018248714501753116,0.006934511510666184,0.0010949228701051868
0.009046313625006103,0.034737844320023435,0.04269860031002881,0.17224181142011621,0.538074734415363,0.08322608535005616,0.026777088330018066,0.3426743601152312,0.021711152700014648,0.007598903445005127,0.0010855576350007323,0.015921511980010742,0.004342230540002929,0.0014474101800009765,0.7419786435230006,0.035099696865023684,0.0021711152700014647,0.007237050900004883,0.0010855576350007323
0.009278190493000603,0.03461478760850224,0.0431792711405028,0.17771303328901153,0.5477700925675355,0.08564483532000555,0.02854827844000185,0.34579102260452244,0.021411208830001388,0.008564483532000556,0.0010705604415000695,0.01605840662250104,0.004639095246500301,0.0014274139220000926,0.7317280617652975,0.03461478760850224,0.0,0.007493923090500486,0.0010705604415000695
0.009546757082742396,0.03500477597005545,0.043490782265826464,0.179974050189477,0.5501760748424877,0.08910306610559568,0.02828668765257006,0.3535835956571257,0.0247508516959988,0.0123754258479994,0.0010607507869713772,0.01591126180457066,0.005303753934856886,0.001414334382628503,0.7250231628949363,0.0342976087787412,0.00035358359565712576,0.007778839104456766,0.0010607507869713772
0.00983751812638863,0.03548533324161613,0.04356615170257822,0.18164274540510436,0.5544144144086164,0.0938077621337773,0.02810719464682466,0.35415065254999073,0.024593795315971577,0.014756277189582946,0.001405359732341233,0.016512976855009485,0.005270098996279624,0.001405359732341233,0.7204225327914245,0.0340799735092749,0.0007026798661706165,0.00808081846096209,0.0010540197992559247
0.010104997496951689,0.03763240447140629,0.04320757550420722,0.1846775404615309,0.556471758711443,0.09756549307401631,0.028572751543104777,0.3599469798052102,0.025088269647604196,0.017422409477502912,0.001393792758200233,0.01637706490885274,0.005575171032800932,0.001393792758200233,0.7144930126723945,0.03379947438635565,0.0010453445686501748,0.008362756549201399,0.0010453445686501748
0.010296478934751824,0.039469835916548665,0.042901995561465935,0.1925441560798591,0.5577259422990571,0.0998758456670927,0.030889436804255474,0.37376218533149125,0.02471154944340438,0.018190446118061556,0.0017160798224586376,0.01681758226009465,0.006177887360851095,0.00137286385796691,0.7037643351902872,0.033291948555697566,0.00137286385796691,0.008580399112293188,0.0010296478934751826
0.010540045557864376,0.039780171944197806,0.043180186640283086,0.19550084502490375,0.5576024101579864,0.09962043059529878,0.030940133734376072,0.38454166212724544,0.024820107281422563,0.019040082298077583,0.002380010287259698,0.01734007495003494,0.0064600279225620364,0.0006800029392170565,0.6971730134322872,0.03298014255202724,0.0017000073480426413,0.008840038209821734,0.0010200044088255849
0.010805852000137083,0.04085962787551835,0.04288572512554405,0.1965314332524932,0.5619043040071283,0.09927876525125945,0.0314045073753984,0.38630920900490073,0.02465084987531272,0.018910241000239896,0.002363780125029987,0.01755950950022276,0.007091340375089961,0.0013507315000171353,0.692418735196284,0.03275523887541553,0.002026097250025703,0.009117437625115663,0.0010130486250128515
0.011064132094639396,0.041239037807292295,0.042580144727854645,0.19647216386238445,0.5679587808581557,0.1012535725024575,0.031851289363355836,0.3855682396616759,0.024475201300262907,0.022128264189278792,0.0023469371109841146,0.018104943427591738,0.007040811332952343,0.001341106920562351,0.6874849351532752,0.032521842823637015,0.0,0.009387748443936458,0.0010058301904217633
0.01131339767841858,0.04225886779879881,0.04292436177988226,0.1986499533534086,0.5689973538263462,0.10082233813414206,0.0319437110920054,0.3919759548581496,0.024290530309545776,0.02362503632846233,0.0023292289337920606,0.01796833748925304,0.0069876868013761815,0.0013309879621668918,0.6822977041058029,0.03227645808254712,0.00033274699054172295,0.009649662725709966,0.0009982409716251688
0.011599278417983137,0.04341444207873688,0.04341444207873688,0.2005018126537085,0.5710159061195699,0.10107942621385305,0.03181516366075375,0.3923870184826296,0.024855596609963865,0.026844044338760975,0.0023198556835966272,0.017896029559173982,0.0069595670507898826,0.0013256318191980727,0.6795520113164121,0.03214657161555327,0.0006628159095990364,0.009942238643985546,0.0009942238643985547
0.011866811828594736,0.044500544357230255,0.04318200970960862,0.20239506840992133,0.5719144034058852,0.1025160688525823,0.03164483154291929,0.39589002794839656,0.0247225246429057,0.027359593938148973,0.0023074356333378653,0.017800217742892102,0.0072519405619190045,0.0013185346476216372,0.6759138237370418,0.031974465204824706,0.0009889009857162278,0.01021864351906769,0.0009889009857162278
0.012117395213867422,0.04683209501575787,0.04290212900044952,0.20468572996397671,0.5734475410670772,0.10348910506978662,0.03143972812246682,0.39954654488968255,0.02488978476361957,0.027837259275100834,0.002292480175596539,0.017684847068887587,0.007859932030616705,0.001309988671769451,0.6715329428658148,0.031767225290409186,0.001309988671769451,0.00032749716794236276,0.001309988671769451
0.012354031719548192,0.04649017199724714,0.04356421711630152,0.20514194776407654,0.5773884298399365,0.10305863302886255,0.03251060978828472,0.40183113698319906,0.024708063439096383,0.028284230515807703,0.00227574268517993,0.017555729285673748,0.0078025463491883315,0.0013004243915313886,0.666630053708778,0.03153529149463617,0.0016255304894142357,0.0006502121957656943,0.0013004243915313886
0.012514737219541437,0.04588736980498527,0.04299935352355263,0.20665360947140218,0.5872299772246367,0.10428947682951198,0.033693523283380794,0.40079248172326293,0.024387693043208956,0.028559272116389433,0.0022462348855587194,0.017328097688595837,0.007701376750487038,0.0012835627917478396,0.6579863761197363,0.031126397699885112,0.0019253441876217595,0.0009626720938108798,0.0012835627917478396
0.012756304345114284,0.04687941846829499,0.04273361955613285,0.20633322278222355,0.5880656303097684,0.10523951084719284,0.03412311412318071,0.4059693857832621,0.024236978255717138,0.029020592385134995,0.0022323532603949997,0.017221010865904284,0.007972690215696427,0.0012756304345114284,0.653920051491421,0.030934038036902138,0.0,0.0012756304345114284,0.0012756304345114284
0.012931140512002521,0.04730905065366776,0.042262751917276534,0.21320612161252936,0.5860014407634313,0.10471069878011798,0.033747122799616336,0.41695043309432517,0.02396991899785833,0.02964700507629846,0.002207755697171162,0.017346651906344844,0.007884841775611294,0.001261574684097807,0.6467147224356383,0.030593186089371817,0.00031539367102445174,0.0015769683551222586,0.001261574684097807
0.013228075976510923,0.04724312848753901,0.04251881563878511,0.21542866590317788,0.5861297474354007,0.10456479105241968,0.03370009832111116,0.416999347450011,0.023936518433686434,0.03023560223202497,0.002204679329418487,0.01732248044543097,0.00787385474792317,0.001259816759667707,0.6458135664246583,0.030550556421941894,0.0006299083798338535,0.0018897251395015606,0.001259816759667707
0.013393392580042102,0.04672113690712361,0.04204902321641125,0.21740902374114854,0.588997799275805,0.10340944968776693,0.033639218573129,0.4229820261324924,0.023672042699609295,0.03457364131127147,0.002180319722332435,0.01713108353261199,0.007786856151187268,0.0012458969841899628,0.6386779415203797,0.030213001866606602,0.0009344227381424722,0.002180319722332435,0.0012458969841899628
0.013696929401834458,0.04669407750625384,0.04202466975562845,0.21790569502918455,0.5886566704288401,0.10366085206388352,0.03361973580450276,0.42367092990674315,0.02365833260316861,0.03486491120466953,0.0021790569502918456,0.017121161752293074,0.007782346251042306,0.001245175400166769,0.63830803951049,0.030195503454044148,0.001245175400166769,0.002490350800333538,0.001245175400166769
0.013988149062181883,0.04693801129754365,0.042275294943483026,0.2191476686408495,0.589056499396326,0.10413399857402068,0.03357155774923652,0.4236854927056424,0.023624429527240514,0.03481494877698602,0.0021759342985616264,0.017096626631555634,0.007771193923434379,0.0012433910277495008,0.6373933256000879,0.030152232422925394,0.001554238784686876,0.0027976298124363767,0.0012433910277495008
0.014197649712666745,0.04691397296359446,0.042284304579029215,0.22284137157707368,0.5898197521936119,0.10555643916808753,0.033333612368869746,0.42716406961588643,0.02345698648179723,0.034568190604753815,0.0021605119127971134,0.016975450743405892,0.007716113974275404,0.0012345782358840647,0.6328756681700687,0.02993852222018857,0.0018518673538260972,0.003086445589710162,0.0012345782358840647
0.014461541713246432,0.047384626039147885,0.04215385563222896,0.22307697323624814,0.5916924407355934,0.10676925477652154,0.03415385383341179,0.42676932672920853,0.02338462064269636,0.03661539284843245,0.0021538466381430857,0.016923080728267103,0.007692309421939591,0.0012307695075103346,0.6309232187874853,0.029846160557125617,0.0,0.0033846161456534203,0.0012307695075103346
0.014660208704674505,0.04795109930487286,0.04275894205530064,0.2235681827462862,0.5943492945686789,0.10659193412357089,0.0339017326295598,0.42942194664109073,0.023211997115734635,0.03787220582040914,0.002137947102765032,0.01924152392488529,0.007635525367017972,0.0012216840587228755,0.6262657906028141,0.02962583842402973,0.0003054210146807189,0.0036650521761686264,0.0012216840587228755
0.014857495363670732,0.047907842193060726,0.043359629326630914,0.22407528721944228,0.5955126713112106,0.10855068041212494,0.03486963197596192,0.4332930790752138,0.0230442785232444,0.04002427322458238,0.0021224993376672474,0.01940570823010055,0.007580354777383027,0.0012128567643812844,0.6217406988409558,0.029411776536246145,0.0006064283821906422,0.003941784484239174,0.0012128567643812844
0.015113138306260649,0.04836204258003408,0.04352583832203067,0.22760386289228537,0.5948531237344191,0.11062817240182796,0.036876057467275986,0.43435159492193104,0.022971970225516187,0.04050321066077854,0.002115839362876491,0.01934481703201363,0.007556569153130324,0.001209051064500852,0.6197898019397492,0.02931948831414566,0.0009067882983756389,0.004231678725752982,0.001209051064500852
0.015376809306924196,0.04914548856918909,0.04341687333719773,0.22793858502028808,0.5957759841271022,0.11035121973204423,0.03678373991068141,0.43507325156650223,0.022914460927965466,0.04070331875362287,0.002412048518733207,0.019899400279548958,0.0075376516210412725,0.0012060242593666035,0.6182381859578051,0.029246088289640135,0.0012060242593666035,0.004522590972624764,0.0012060242593666035
0.015620134971934724,0.04896311539279539,0.043556145594817984,0.22889505478104347,0.595367452199512,0.11144365528053429,0.03754840137484309,0.43796455363616976,0.022829428035904598,0.04145343511782677,0.002403097687989958,0.01982555592591715,0.007810067485967362,0.001201548843994979,0.6159439761529261,0.029137559466878238,0.0015019360549937235,0.004806195375979916,0.001201548843994979
0.01581886992755435,0.04924742524615976,0.04357650961175349,0.23071672554716058,0.5975354263200717,0.11222443571246103,0.03790559397734721,0.4390482578006122,0.0226836625376251,0.044173448099585726,0.002387753951328958,0.019698970098463903,0.008058669585735234,0.001193876975664479,0.6120111846500036,0.028951516659863615,0.0017908154634967185,0.005073977146574036,0.001193876975664479
0.01594814141460701,0.049321104004432785,0.04341438496198575,0.2333154021766581,0.6027806782817204,0.11252299775861613,0.038393673775905766,0.43916456080593747,0.022445532361298755,0.045777072578964566,0.002362687616978816,0.019787508792197584,0.007974070707303505,0.001181343808489408,0.6055863698268829,0.028647587355868146,0.0,0.005316047138202337,0.001181343808489408
0.01614502174239205,0.04960924862662284,0.04403187747925104,0.23542377158906222,0.6055850882646326,0.11330869804660601,0.03874805218174092,0.43885104554320203,0.022309484589487193,0.04638024427814443,0.0023483667988933887,0.019667571940732133,0.007925737946265188,0.0011741833994466943,0.6019157651413617,0.02847394743658234,0.0002935458498616736,0.005577371147371798,0.0011741833994466943
0.01632941629891154,0.04986303905560489,0.043739507943513056,0.23765132649308762,0.6085623538540783,0.11401431737275737,0.03965715386878517,0.43856146631362425,0.02216135069137995,0.048113458737864365,0.002332773756987363,0.019536980214769167,0.00787311142983235,0.0011663868784936816,0.5979190735878235,0.028284881803471777,0.0005831934392468408,0.005831934392468408,0.0011663868784936816
0.016503472190361124,0.049799951170914264,0.043719724574465435,0.24002418325981353,0.6132342824418396,0.11378709773354248,0.03937670557700198,0.4366181765449925,0.022004629587148165,0.048062743571928884,0.0023162767986471752,0.01939881818867009,0.007817434195434216,0.0011581383993235876,0.593690696953254,0.028084856183597,0.0008686037994926907,0.006080226596448835,0.0011581383993235876
0.016615007377437922,0.05041795342119093,0.04382924359910348,0.2400582100395341,0.6193387232762204,0.11372686084211818,0.03953225893252471,0.43628717647996473,0.021771388977332447,0.04927209084343659,0.0022917251555086785,0.019766129466262355,0.007734572399841791,0.0011458625777543393,0.5873978039213182,0.02778716751054273,0.0011458625777543393,0.006302244177648866,0.0011458625777543393
0.016706057815287428,0.05011817344586229,0.043605642433123114,0.2418131080382282,0.624353516656081,0.11411086948408192,0.04049095368790004,0.43690588489811016,0.02151966769426855,0.051533941057327316,0.002265228178344058,0.0195375930382175,0.0076451451019111955,0.001132614089172029,0.5806062974618114,0.027465891662421704,0.0014157676114650362,0.006512531012739167,0.001132614089172029
0.016833144892055615,0.05021888226129925,0.04320507188960941,0.2449222581794092,0.6278763044736745,0.11446538526597819,0.04124120498553626,0.43682010994884324,0.021321983529937114,0.05358551123971038,0.002244419318940749,0.019358116625863956,0.00785546761629262,0.0011222096594703745,0.5752727266860006,0.02721358424215658,0.0016833144892055615,0.006733257956822246,0.0011222096594703745
0.01701674970169454,0.05049232288535593,0.04296031891903212,0.2466033891196389,0.6298987020725618,0.11465383815404026,0.04156550336971289,0.43685623004678115,0.021201196349652212,0.056071585082632824,0.0022317048789107594,0.019248454580605298,0.007810967076187657,0.0011158524394553797,0.572013856775814,0.027059421656792957,0.0,0.006974077746596123,0.0011158524394553797
0.016940924446132082,0.05027629190465006,0.04207907039845711,0.25083497808950406,0.6306395745431105,0.11366813821920882,0.04071286681409162,0.4489344978225002,0.02076629448235546,0.05601434695898511,0.002185925734984785,0.01885360946424377,0.008470462223066041,0.0010929628674923924,0.5602800899482877,0.02650434953669052,0.0002732407168730981,0.007104258638700551,0.0010929628674923924
0.017037411158339646,0.05003049308401325,0.04191744015147056,0.2539385567885862,0.6333589989338326,0.11385317615334907,0.040294829564962026,0.4505448728538707,0.020553067429108146,0.05598006523454455,0.0021634807820113838,0.01920089194035103,0.008383488030294112,0.0010817403910056919,0.5545271679392928,0.026232204481888028,0.0005408701955028459,0.007301747639288421,0.0010817403910056919
0.017078991518656828,0.04990267834357542,0.041363182584247,0.25885346520464253,0.637526730282362,0.11501633350845458,0.040295745614330955,0.4504584013045738,0.020281302428404983,0.05737473713298778,0.0021348739398321034,0.01921386545848893,0.008272636516849402,0.0010674369699160517,0.547194876703216,0.025885346520464255,0.0008005777274370388,0.007472058789412362,0.0010674369699160517
0.017220515123884176,0.05007195936021707,0.04106430529541611,0.2612219678792277,0.6406031626084914,0.11524498582907103,0.040004581287792475,0.44905804823051815,0.020134756144849192,0.060669199436453485,0.0021194480152472834,0.01933996313913146,0.008212861059083223,0.0010597240076236417,0.5432410194080693,0.02569830718487331,0.0010597240076236417,0.007682999055271402,0.0010597240076236417
0.017364572622767124,0.04998892118675385,0.0407804357049834,0.26520438187498885,0.643278485797964,0.11471141914434041,0.039728037364209635,0.44753239441404363,0.01999556847470154,0.06103910376487838,0.0021047966815475306,0.02025866805989498,0.008419186726190122,0.0010523983407737653,0.5394856994391514,0.025520659763763807,0.0013154979259672064,0.007892987555803239,0.0010523983407737653
0.019227131347913578,0.055098645056707564,0.044480676998904546,0.294433384521781,0.7091080829954395,0.1294244214613287,0.043332788560223136,0.3380531451916745,0.01989378963345547,0.07030816686923622,0.002295776877362815,0.02295776877362815,0.00918310750945126,0.0011478884386814075,0.515401908967952,0.024105657212309558,0.0017218326580221114,0.0002869721096703519,0.0014348605483517594
0.019193690633881582,0.05475847033783863,0.04375032423899478,0.29580864388688083,0.7110133339227603,0.12955741177870067,0.04290354376985295,0.33250246421636037,0.019567142533092854,0.07649250237914572,0.002258081251044892,0.02258081251044892,0.010725885942463237,0.001129040625522446,0.5148425252382354,0.023709853135971366,0.0,0.000564520312761223,0.0014113007819030576
0.019192975305782747,0.05396285810611381,0.04311465467241052,0.2954049242716127,0.7140343131875987,0.13212555464125803,0.04506176810922906,0.32767137551031994,0.019282842079789756,0.08094428715917071,0.002781590624026485,0.02225272499221188,0.010570044371300644,0.0011126362496105939,0.5126471520080812,0.023365361241822473,0.00027815906240264847,0.0008344771872079455,0.0013907953120132425
0.01920009967293135,0.053211704807838316,0.042514506418633705,0.2954072478249581,0.7158894306621546,0.1346749848487042,0.04470880352411157,0.32311024878161615,0.019014428379390918,0.08310900286997427,0.002742871381847336,0.02221725819296342,0.010422911251019877,0.0010971485527389343,0.5120940869908976,0.023862981022071822,0.0005485742763694672,0.0010971485527389343,0.001371435690923668
0.01917643200803633,0.052937755965846774,0.04186404170768494,0.294938926095432,0.7160101584972438,0.13477520523957928,0.04564530999095971,0.3181667169784056,0.018723510862017706,0.08426826459869485,0.002700905916624835,0.02241751910798613,0.010263442483174373,0.001080362366649934,0.5150627583003561,0.024038062657961032,0.0008102717749874506,0.0013504529583124175,0.0013504529583124175
0.019228846317594653,0.05314639468335188,0.041395433044821815,0.29644471406291756,0.7173427945702672,0.13406778960322938,0.045668510004287295,0.31460529114064584,0.01851392767245331,0.08652980842917593,0.002937740409632516,0.022166586727227166,0.01014855777873051,0.0010682692398663696,0.514371638995657,0.024036057896993313,0.0010682692398663696,0.0016024038597995543,0.0013353365498329618
0.019343035463825257,0.052729644620564745,0.041070828724560485,0.2972998053481088,0.7188719892240812,0.1348713020696857,0.045575371229834856,0.3121382983066597,0.01836874979978854,0.09035582319403306,0.0029147039740010663,0.022257739437826326,0.010068977364730957,0.001059892354182206,0.5124579532470966,0.023847577969099636,0.0013248654427277574,0.0018548116198188606,0.0013248654427277574
0.01940941113822282,0.052195578601437045,0.04091713699409135,0.2963869538674566,0.7189350801333615,0.13350527391020833,0.04694979180732277,0.3089768421733309,0.018182704072522253,0.09442416229405697,0.0031474720764685655,0.022556883214691386,0.010229284248522838,0.001049157358822855,0.5143493951629048,0.02413061925292567,0.0015737360382342828,0.00209831471764571,0.001311446698528569
0.019526896549246765,0.05181136551066808,0.04113666206374652,0.29811062065183397,0.7196312274949075,0.1335639723968479,0.04816634482147535,0.3067024551335025,0.018048860687365317,0.09815519998754707,0.0031243034478794823,0.022651199997126246,0.010674703446921565,0.0010414344826264943,0.5129064826935483,0.024473710341722615,0.0,0.002343227585909612,0.0013017931032831176
0.019555859584325295,0.051205474437904394,0.0406556028200447,0.30105731202184993,0.7225375488524399,0.13354593584558985,0.04760307925131815,0.3031158235570421,0.017837794187645705,0.09777929792162648,0.0030877673027882046,0.022386312945214485,0.0105498716178597,0.0010292557675960683,0.5094816049600538,0.024187510538507602,0.00025731394189901707,0.0025731394189901706,0.0012865697094950853
0.019557490447380515,0.05054468310426912,0.04063894118936211,0.3014901449485801,0.7254051002301136,0.13410850592489496,0.04698877575019994,0.2992042045066785,0.01760760278839093,0.09905741914907014,0.003047920589202158,0.022097424271715647,0.01041372867977404,0.0010159735297340527,0.5072247847197258,0.023875377948750238,0.0005079867648670264,0.002793927206768645,0.0012699669121675658
0.01967220892382477,0.05018935353642474,0.040605456881228054,0.30138832902526413,0.7245930286942124,0.13467896878618496,0.04817169108269912,0.2971007963110972,0.01748382118555314,0.10037870707284947,0.0032787014873041287,0.02194207918426609,0.01034052007534379,0.0010088312268628089,0.5092075617590027,0.023707533831276006,0.0007566234201471066,0.0030264936805884262,0.0012610390335785109
0.01974343227416732,0.04998337284599321,0.0404865320052545,0.3011498213971091,0.7247589062669015,0.13545494041264158,0.04823395479638345,0.2944020660629,0.01732500600338811,0.10121633001313625,0.0032489192349895585,0.021992684052237012,0.010246591433428608,0.0009996674569198642,0.5103302367575907,0.023742102101846775,0.0009996674569198642,0.0032489192349895585,0.0012495843211498302
0.019799111096613205,0.04949777774153301,0.040340688859349404,0.30144146644593606,0.7261323994682892,0.13636637767792345,0.04826033329799469,0.29154191089762943,0.017156691269488288,0.10171793325885034,0.0032173555531996457,0.021779022206274524,0.010394533325721933,0.0009899555548306602,0.5095796218490823,0.02351144442722818,0.0012374444435383253,0.003464844441907311,0.0012374444435383253
0.01988188578340372,0.04909107600840425,0.04025468232689148,0.2994555636512659,0.7260570141642988,0.1362277359233218,0.04786379910819414,0.289146437689501,0.017015722191836117,0.10210943809748083,0.003190919940546276,0.02184552882373989,0.010309125961764892,0.000981821520168085,0.5122653781476983,0.023318261103992016,0.0014727322802521273,0.0036818307006303186,0.0012272769002101061
0.020002295047574083,0.04878608548188801,0.04024852052255761,0.2995465648587924,0.7254490911156747,0.1407478566152469,0.04756643334484081,0.2873500434883204,0.016910007783183644,0.10415829250383091,0.0031710955563227206,0.021709808039440164,0.010245077951196483,0.0009757217096377603,0.5124978279872335,0.023661251458715685,0.0,0.003902886838551041,0.0012196521370472003
0.020084376112706182,0.048638067453661955,0.04041073266050521,0.29884583733966424,0.7281191291943723,0.13986469148366473,0.04791212614838342,0.2850529525393721,0.016774828315820955,0.10550346970048066,0.003145745656206992,0.0217782391583561,0.010405158708992359,0.0009679217403713822,0.5103367376108113,0.02347210220400602,0.00024198043509284555,0.004113667396578375,0.001209902175464228
0.02010374516937708,0.04834472052635917,0.039968160039118725,0.29940220484393726,0.7282821017906483,0.1402475555863687,0.047626729627452846,0.28193109297055,0.016591112771650755,0.10554466213922968,0.003111293895260739,0.02177905726682517,0.010291202884323983,0.0009573211985417658,0.5114488503209383,0.024411690562815027,0.0004786605992708829,0.004307945393437946,0.0011966514981772074
0.020204743309858917,0.048253681081192476,0.039696378032311054,0.2980793895360363,0.7280838677423278,0.14143320316901242,0.04730286963131676,0.2800139719883977,0.0164782938197691,0.10815480242336245,0.00309013721209607,0.022106366209610345,0.010221223086163923,0.0009508114498757138,0.5127250743454786,0.02448339483429963,0.0007131085874067854,0.004516354386909641,0.0011885143123446422
0.02031797855691247,0.048196135181513305,0.0396909348553639,0.29839077810907505,0.7300296946611574,0.14080831651069575,0.047251112923052264,0.27830905511677784,0.01637796267932873,0.1086775597230202,0.003071322339998397,0.021971767509219302,0.010158989278456236,0.0009450222584610452,0.510784530698195,0.024334323155371915,0.0009450222584610452,0.004725111292305226,0.0011812778230763064
0.020400003125990395,0.047834490088529205,0.039627592279222724,0.2996690114369624,0.7306483878228285,0.1397517455527618,0.047131041704874366,0.27622073198180097,0.016255068803839562,0.10833105108284555,0.0030482763291709786,0.021806899893300077,0.010082760165719391,0.000937931178206455,0.5107035265334148,0.02438621063336783,0.0011724139727580687,0.004924138685583889,0.0011724139727580687
0.02049047039386908,0.04750063591306014,0.03958386326088345,0.2992074370013837,0.7313700853084406,0.13947490643099522,0.04680209714963278,0.27429288777247474,0.016141618810275187,0.10943773960361894,0.003027001308185205,0.021654701666248003,0.010012388942458754,0.00093138501790314,0.5108646823198723,0.024914549228908994,0.0013970775268547099,0.00512261759846727,0.001164231272378925
0.020587792514588487,0.047189996325573615,0.03932499693797801,0.2991013002400328,0.7323702370919905,0.13971940088552187,0.046496025791374004,0.2724990964290476,0.016036057574889497,0.11010999142633843,0.0030072056481983186,0.02151308656018797,0.009946910990194438,0.0009252940455994826,0.5102996661481146,0.025445586253985773,0.0,0.005320440762197025,0.0011566175569993533
0.020686873228382783,0.04712010013131634,0.03907520498694526,0.2992700993706042,0.7341541454606068,0.13929161307111074,0.046200683543388216,0.2707681851448324,0.01593419671232356,0.11032999055137484,0.0029881039107664017,0.021376435669328876,0.009883728320227329,0.0009194165879281237,0.5086672272712344,0.02574366446198746,0.00022985414698203091,0.0055164995275687415,0.0011492707349101546
0.020829593569326038,0.04715270632177103,0.03891242754709259,0.29871010558209315,0.7354448806400501,0.13871135937375362,0.04600822315862124,0.26964023323808867,0.01586781887123975,0.11238824662130861,0.0029756562241894336,0.02128738683458595,0.010071451835718084,0.0009155865305198258,0.5074638345406134,0.02563642285455512,0.0004577932652599129,0.005722415815748911,0.0011444831631497823
0.020933321146942747,0.04687243648119789,0.03868113690195942,0.2992099707416273,0.7360792816343454,0.14038977334417038,0.045734755984081436,0.26803752512063644,0.01577350252309766,0.11422312191049194,0.0029579692925027793,0.021160857246366037,0.010694196672894663,0.0009101443976931629,0.5062678212168218,0.025939115334255143,0.0006826082982698721,0.005915938585005559,0.0011376804971164535
